-75.909,108.52,1477,120,1.75,0
180.75,-57.98,1652.1,80,1.5,0
58.195,-165.88,1271.9,80,2,0
-288.12,-183.76,1403.2,100,2,0
-288,41.31,1765.4,120,2,0
13.478,213.12,1841.5,100,1.5,0
84.058,-404.9,1541.5,100,1.5,0
-66.183,-228.13,1848.1,100,2,0
138.7,408.73,1490,80,1.5,0
412.75,148.91,1475.9,120,2,0
-252.07,68.174,1116.3,120,1.5,0
-242.11,381.91,1625.5,80,2,0
417.54,-212.51,1441,100,2,0
348.02,54.839,1140.4,80,1.5,0
62.282,265.11,1063.1,120,1.5,0
-476.2,184.59,1395.3,80,1.75,0
305.66,-337.67,1846.5,120,1.75,0
380.02,48.911,1934.4,120,1.75,0
-193.59,-338.94,1070.4,100,1.75,0
27.199,-99.116,924.43,120,1.5,0
-247.91,435.1,1194.4,80,1.5,0
357.91,372.02,1780.3,120,2,0
-476.24,-284.16,1729.1,80,1.5,0
-245.01,-557.55,1446.9,100,1.5,0
373.57,410.67,1213.8,100,1.5,0
143.51,-538.84,1144.8,120,1.5,0
-233.01,113.03,2119.9,80,2,0
58.035,621.73,1760.5,100,1.5,0
72.553,608.49,1163.1,80,1.5,0
659.88,-117.98,1703.2,120,1.75,0
426.31,-328.28,1047.6,100,1.5,0
129.65,155.14,2173.6,100,1.75,0
-531.87,-188.67,1076,120,2,0
-188.31,473.45,1991.8,100,1.5,0
-143.82,694.37,1433.8,100,2,0
-364.89,-222.96,2071.4,100,1.75,0
-703.04,-107.72,1387.1,100,1.5,0
41.942,-652.52,1803.1,100,2,0
436.46,-566.34,1405.9,100,1.75,0
-289.68,-532.4,1906.3,80,1.75,0
-665.98,40.234,1797.9,120,1.75,0
-567.89,-446.45,1333.8,80,2,0
708.92,-42.765,1285.9,80,2,0
51.14,-452.46,2099.1,120,1.75,0
575.48,488.8,1524.7,80,1.75,0
-490.45,576.8,1449,100,2,0
173.42,491.13,2076.4,120,1.75,0
-304.6,-50.346,779.08,120,1.5,0
309.54,-183.36,2197,120,2,0
-262.65,308.54,821.36,100,2,0
316.63,719.63,1401.7,80,1.75,0
142.24,-791.06,1478.1,100,1.5,0
-41.601,-136.1,2293.7,120,2,0
-523.7,310.92,2031,120,2,0
697.23,244.89,1830,80,2,0
-583.74,156.44,951.73,80,2,0
-723.64,365.09,1645.8,100,1.75,0
350.16,-70.474,751.85,120,1.75,0
78.307,217.62,701.45,80,1.5,0
-466.45,612.24,1820,120,1.75,0
404.14,-684.28,1756.3,100,1.75,0
499.53,262.12,876.66,80,1.75,0
104.41,-411.3,768.55,120,1.5,0
244.96,510.95,871.81,80,2,0
-529.23,-641.07,1665.4,100,2,0
770.07,-379.84,1392.2,120,1.75,0
728.04,339.59,1174.2,120,2,0
661.94,-75.356,925.27,120,1.75,0
-441.5,-597.31,1024.1,80,2,0
862.9,187.99,1521.2,80,2,0
-838.54,227.5,1319,100,1.75,0
468.38,253.49,2213.5,80,1.75,0
-126.99,-836.75,1221.3,80,2,0
612.81,-355.45,2041.4,80,1.5,0
-115.11,-660.55,906.77,100,1.75,0
-633.22,498.87,1100.3,80,1.75,0
425.09,737.52,1810.8,120,1.75,0
-227.69,-879.54,1604.6,120,2,0
-853.98,-276.16,1676.8,120,1.5,0
-245.51,-391.14,691.83,100,1.75,0
741.84,-523.11,1712.2,100,1.75,0
-666.23,-416.16,2003,80,2,0
-616.26,14.033,2205,120,1.5,0
-225.55,871.39,1771.7,100,1.75,0
-136.52,410.54,2336.1,120,1.5,0
490.34,-684.37,1065.4,80,1.75,0
-407.3,797.79,1175,120,1.75,0
-5.113,-126.4,554.89,80,1.75,0
-483.83,-806.81,1317.5,80,1.5,0
-65.598,692,835.98,80,2,0
89.436,952.72,1608.2,80,1.5,0
652.98,-46.243,2212.8,120,1.5,0
576.69,713.08,1156.4,100,1.75,0
622.36,535.02,2037.3,80,1.5,0
-413.63,641.05,856.47,80,2,0
359.51,-541.9,2267.1,120,2,0
-881.82,-106.65,1026.6,100,2,0
-990.95,124.08,1626.8,120,1.5,0
-49.523,942.43,1130.3,100,1.75,0
1009.7,-147.41,1529.8,120,1.5,0
284.74,850.23,987.94,80,1.75,0
310.27,83.533,2481.8,80,1.5,0
-939.29,-368.63,1278.5,100,2,0
-352.5,-219.34,2448.9,80,2,0
-85.92,748.44,2211.3,100,1.5,0
-436.09,-532.45,2274.6,120,1.75,0
246.13,-954.22,1176.1,80,1.5,0
454.01,-542.91,739.81,120,2,0
-847.93,587.68,1375.4,120,1.5,0
-755.34,-429.82,930.18,120,1.75,0
-627.32,-185.9,692,100,1.75,0
-178.31,-766.55,2190.3,120,1.5,0
784.13,-440.53,963.3,100,1.75,0
-900.62,-130.91,2028.7,120,1.5,0
-898.91,264.42,1986.4,80,2,0
780.34,665.58,1750.9,120,1.75,0
-536.3,146.41,601.54,80,1.75,0
157.9,924.09,1989.8,100,1.75,0
217.2,-807.89,842.45,100,2,0
744.42,-753,1393.3,120,1.75,0
460.62,-959.31,1489.8,80,1.75,0
-371.09,175.35,2481.9,100,1.5,0
253.95,-868.72,2062.2,100,1.75,0
-66.885,-978.48,1920.5,80,2,0
951.43,-291.97,1890.9,80,1.5,0
-441.57,588.18,2277.3,120,2,0
-414.74,-882.59,1945,120,2,0
598.65,889.39,1543.3,80,2,0
254.62,446.61,2442.5,120,1.75,0
-826.05,-692.05,1385.3,100,1.75,0
375.35,395.58,556.2,100,1.5,0
594.39,-721.23,2061,80,1.75,0
1045,81.543,1816.5,100,1.5,0
-281.45,1052.9,1391.1,80,1.75,0
-801.62,717.64,1707.6,120,1.75,0
575.71,595,776.9,80,1.5,0
-19.355,-561.19,2451.9,120,2,0
-38.19,508.17,516.66,80,1.75,0
-754.51,592.16,2054.9,80,1.5,0
1029.6,-260.26,1183.7,100,1.75,0
243.42,-325.24,2539.3,80,1.75,0
880.39,676.89,1371,80,2,0
644.54,-260.06,620.76,80,1.5,0
1017.1,109.67,1039.7,100,1.5,0
854,284.16,2170.5,80,1.5,0
-660.03,903.35,1401.1,120,2,0
602.09,117.09,555.18,100,1.5,0
256.65,75.789,405.21,120,2,0
-905.29,-614.09,1776.8,80,2,0
39.851,-1128.9,1517.5,80,1.5,0
417,772.87,2211,120,1.5,0
332.16,1063.2,1309.5,80,1.75,0
-141.55,172.01,387.89,80,1.5,0
303.61,-339.88,461.2,120,2,0
-375.58,-148.71,439.08,80,2,0
9.9096,240.62,2614.2,120,2,0
-709.01,472.08,742.18,120,2,0
1063.2,367.73,1291.3,120,2,0
-679.51,336.37,2358.2,100,1.5,0
-1139.5,-82.546,1361.1,120,2,0
-494.65,873.33,2070.3,80,2,0
-554.81,987.03,1730.8,80,2,0
287.32,-1088.3,1782.5,100,1.5,0
841.27,292.07,744.87,100,1.5,0
-584.73,-1008.3,1602.6,100,2,0
-391.72,-998.74,1030.9,100,1.75,0
-1065,474.65,1642.2,100,1.75,0
732.43,-886.44,1760.6,120,1.75,0
-1063.9,205.07,1031.9,80,2,0
63.613,-694.51,537.76,80,1.75,0
-874.5,81.382,697.47,120,1.75,0
-753.1,-791.74,1027.5,100,1.5,0
381.4,1099.5,1761.3,100,1.75,0
1052.9,450.91,1840,100,1.5,0
-432.16,514.1,510.48,120,1.75,0
-395.78,-708.48,618.63,100,2,0
634.5,-340.34,2468,120,1.5,0
871.88,644.64,965.86,100,1.5,0
310.08,756.32,598.02,80,2,0
-16.692,-145.15,2712.8,80,1.75,0
-164.66,1067.3,2072.6,120,1.5,0
-756.52,-391.65,2379,120,1.5,0
-36.621,-1178.7,1161.1,120,1.5,0
657.37,515.54,2400.3,80,1.5,0
-313.64,1010.2,872.56,100,1.75,0
-106.08,-438.72,354.75,80,1.5,0
-770.24,854.24,1059.8,100,2,0
-99.195,-1025.8,822.5,120,1.75,0
998.9,-158.06,786.07,100,1.75,0
-1200.8,279.95,1358.7,80,2,0
1053,-612,1261.1,120,1.75,0
924.53,-385.48,2235.5,100,1.75,0
728,171.66,2492.8,80,2,0
670.99,924.17,1993.5,120,1.5,0
-1008.9,583.87,1054.9,120,1.75,0
-765.48,-813.45,2057.3,120,1.75,0
1138,-501.04,1620.5,80,2,0
-397.92,-1178,1343.3,120,1.75,0
14.854,1241.5,1324.7,100,1.5,0
946.86,-664.61,1987.2,100,1.5,0
3.6742,677.24,2558.2,80,2,0
-667.82,-50.291,2567.4,100,2,0
-942.39,96.429,2342.6,120,2,0
-1232,-263.4,1668.6,100,2,0
-1140.9,-574.97,1511.5,120,1.5,0
-247.66,832.35,562.61,120,2,0
1263.6,42.214,1302.3,120,1.5,0
603.51,-1081.2,1173.1,100,2,0
639.16,952.3,899.36,80,2,0
63.999,1252.3,1835.2,80,2,0
-1209.7,78.038,1975.8,120,1.5,0
609.1,-940.96,833.21,80,1.75,0
-1123.4,-394.33,961.11,120,2,0
-320.26,483.89,2679.1,80,1.75,0
944.03,683.5,2108.9,120,1.75,0
781.02,1033.8,1269.5,120,1.5,0
-83.969,-118.17,189.51,120,1.75,0
-1026.9,-562.58,2119,120,1.5,0
-303.43,-756.52,2544.3,80,2,0
1158.5,-131.81,2128.9,100,2,0
-555.05,1151.5,1150.5,120,2,0
907.26,-771.46,915.3,80,2,0
-233.42,-457.92,2724.1,80,1.5,0
-778.05,-1057.8,1303.2,80,2,0
-387.27,-1231.1,1813.1,80,1.5,0
358.49,-1275,1348.9,120,1.75,0
479.91,-905.22,2355.4,100,2,0
-375.36,-55.834,2783.9,120,1.75,0
-738.24,-46.654,382.65,100,2,0
1303.6,287.99,1623.7,80,1.75,0
-1094.2,-693.87,1151.9,100,2,0
72.91,1035.3,645.34,80,1.5,0
-352.97,934.88,2402,120,1.75,0
219.2,1207.6,942.48,120,1.75,0
-26.256,-958.11,2449.6,80,1.75,0
-943.57,-954.33,1648.4,120,1.5,0
-1080.5,688.25,1931.8,80,1.5,0
114.49,1060.3,2338.3,80,2,0
965.51,-94.532,2449.9,100,1.5,0
222.89,586.47,294.45,80,1.75,0
498.77,-1125.7,2076.7,100,1.5,0
-937.71,-318.79,566.81,80,2,0
1135.8,738.25,1634.5,120,2,0
-379.21,-1035.8,2298.6,120,1.5,0
1055.5,-858.31,1574.6,100,1.5,0
-1356.7,74.183,1619.9,120,1.75,0
1326.7,-302.06,1381.7,100,2,0
-683.72,-743.67,2424.5,80,1.75,0
97.525,-1208.1,2137.6,120,2,0
897.95,1015.8,1698.5,100,1.75,0
286.58,166.16,2832.1,100,1.75,0
358.89,767.17,2580.5,120,1.5,0
418.34,1129.8,2165.8,80,1.75,0
-324.84,1292.4,1849.7,80,1.75,0
311.97,-713.25,2639.6,120,1.5,0
397.44,-762.54,420.49,80,1.75,0
488.43,-204.02,2775.7,120,2,0
-524.13,202.45,237.9,100,2,0
-489.09,-497.07,304.84,120,2,0
250.86,1361.9,1556.9,100,1.5,0
240.85,-1234.9,908.72,100,1.75,0
-1225.2,642.72,1359.5,120,1.75,0
480.23,461.36,2727,120,1.75,0
-764.2,-651.68,529.07,100,2,0
-656.48,-949.75,712.92,80,1.5,0
616.44,-72.337,247.59,80,1.75,0
1191.7,457.36,929.94,100,1.5,0
-867.72,967.76,2016.7,120,1.5,0
648.81,1239.6,1534.9,100,1.75,0
474.67,312.31,220.58,120,1.5,0
764.92,-730.66,582.2,80,1.5,0
-1067.8,420.58,695.29,100,1.5,0
-543.61,1293,1536.4,100,1.5,0
117.13,276.68,128.13,100,1.75,0
-135.33,1306.2,1000.3,80,2,0
1160.8,-490.29,872.9,120,1.75,0
1396.1,-65.644,1680.2,100,1.5,0
-1319.8,-76.989,1011.4,120,2,0
766.06,-701.83,2454.5,120,1.75,0
-223.02,460.04,184.04,100,1.75,0
-831.36,327.67,405.09,80,2,0
-679.17,768.85,527.23,80,1.5,0
-661.5,307.64,2711.3,120,1.5,0
823.48,-1150.2,1460.8,80,2,0
-1151.2,-204.56,2299.7,120,1.75,0
638.55,-476.54,328.35,120,1.5,0
-1177.5,424.99,2165,80,1.5,0
947.53,-8.1429,441.76,120,1.75,0
544.54,-1303.1,1658.7,80,1.75,0
-1107,885.08,1627.1,120,1.5,0
1322.8,-345.6,1898.3,100,1.5,0
810.36,366.2,387.41,80,2,0
755.2,864.43,2348,120,2,0
1005.4,-970.78,1204.6,100,1.5,0
45.564,-1407.8,1745.2,100,1.75,0
-640.24,709.81,2566.7,120,1.75,0
585.85,641.33,357.97,100,1.5,0
-860.75,1141.7,1621.9,120,2,0
1328.5,-122.18,971.33,80,1.75,0
1185.8,152.88,705.96,120,1.75,0
-1357.3,-396.66,1249,100,2,0
-942.96,621.74,2389.4,80,1.5,0
-224.54,-775.86,308.97,120,1.5,0
150.95,-415.43,2872.1,120,2,0
1341,205.02,1990.6,120,1.75,0
279.46,-64.59,82.938,120,2,0
-971.58,766.51,746.43,100,2,0
811.33,-991.39,2179.5,100,1.5,0
126.48,486.59,2860.9,80,1.5,0
-152.44,-1441.5,1391.5,80,1.5,0
1182.7,205.11,2321.5,100,1.75,0
-691.93,1043.3,759.3,120,2,0
-1288.5,-579.59,1848.6,120,1.75,0
573.37,1265.9,1068.2,80,1.75,0
-1027.8,-712.6,753.45,80,2,0
-1367.7,367.58,1842.6,80,2,0
1216.9,732.63,1172.6,120,2,0
-339.46,-1056.4,553.84,120,1.75,0
999,-452.4,536.7,80,1.5,0
-1026.7,1019,1283.9,120,1.75,0
-91.671,150.54,2952,120,2,0
190.14,-421.73,109.98,120,2,0
-20.677,-752.07,2758.9,100,1.5,0
436.56,1135,664.68,120,1.75,0
379.07,-1103.9,597.15,100,2,0
1038.4,596.08,637.56,120,1.75,0
-695.12,1004.2,2333.5,120,1.5,0
1002.9,975.01,996.2,100,1.5,0
-451.77,1227.5,2210.4,120,2,0
-831.66,-1169,1909.8,80,1.5,0
6.5331,-1074.6,462.11,100,2,0
288.68,1441.8,1211.1,120,2,0
-85.547,1495.2,1565,100,1.75,0
-1236.7,-127.24,659.24,80,1.75,0
1416.5,477,1331.6,80,1.75,0
-630.67,-336.59,2826.7,80,1.75,0
-289.45,-1406.7,1039.2,120,1.5,0
-250.31,139.99,18.181,80,1.5,0
-1388.2,428.08,1085.5,100,1.5,0
-1132.9,-988.7,1347,120,1.75,0
632.12,-557.53,2754.8,120,1.75,0
1267.8,531.84,2129.4,100,1.75,0
-68.531,816.16,227.69,80,2,0
815.88,-1221.2,1873.4,80,1.75,0
-233.27,-1339.3,2170.5,80,1.75,0
348.86,-1410.9,1932.6,100,2,0
-740.1,-1208.7,958.54,100,1.5,0
-543.42,-147.98,90.066,100,1.5,0
-1121.1,-893.06,2008,80,1.75,0
-672.51,1299.1,1922.2,80,1.75,0
971.28,465.98,2579.1,100,2,0
-1508.6,87.941,1294.1,100,2,0
-749.11,-1328.2,1573,100,1.75,0
953.29,-441.44,2609.6,80,1.75,0
1091.8,-984.27,1925.7,100,2,0
1113.7,1048.4,1413,100,1.5,0
-310.53,834.19,2752.7,80,1.5,0
-1348.5,215.88,793.34,120,2,0
1121.6,-692.22,2299.9,100,1.5,0
-408.64,1466,1246.1,80,1.75,0
1348.4,-745.61,1408.8,120,2,0
720.04,1314,1874.1,80,1.5,0
-966.27,-262.78,2677.1,120,1.75,0
132.59,-773.03,168.19,100,1.5,0
-451.39,814.05,259.03,80,2,0
-1136.9,150.75,452.19,100,2,0
-1505.4,392.8,1510,120,2,0
-331.38,1195.2,560.46,100,2,0
-280.58,-399.69,22.253,80,1.5,0
900.12,930.95,631.58,100,1.5,0
628.17,102.16,2923.7,100,1.5,0
390.97,1441.6,1952.5,120,1.5,0
-818.13,-354.23,218.06,120,1.75,0
1473.8,230.98,1036.7,100,2,0
874.28,-1162.3,930.18,100,1.75,0
150.86,-97.738,3052.1,100,1.5,0
-461.84,1347,855.59,80,2,0
-1045.6,-1024.1,942.95,80,1.5,0
-1551.6,-214.48,1519.9,100,2,0
288.67,967.21,301.62,100,2,0
1265.8,-794.53,1027.9,120,2,0
702.39,748.81,2686.1,100,2,0
-89.546,1373.5,2258.8,80,1.5,0
-61.854,-1377.5,743.18,100,1.5,0
64.239,-1515.3,1082.6,100,1.75,0
268.53,-1106.9,2586.1,80,1.5,0
1441.1,-491.14,1100.1,120,1.5,0
-1142.7,345.24,2531.5,100,2,0
-537.84,-702.94,2813.2,100,2,0
-1304.2,-887.61,1657.9,100,1.5,0
534.19,1088.8,2523.6,100,2,0
-845.17,1332.1,1310.1,120,1.75,0
-133.74,1156.1,2585.8,80,1.5,0
187.43,-1583.6,1439.7,120,1.5,0
958.93,137.95,2769.8,80,1.5,0
-148.48,-300.81,3062.1,120,1.5,0
1229.2,890.07,2023,120,1.5,0
-1346.1,89.518,2376.1,120,1.5,0
583.46,-1324.7,791.99,120,1.75,0
-1320.3,791.28,1023,80,1.5,0
-589.75,-1385.9,2074.9,100,1.5,0
-212.35,501.51,3017.7,120,1.5,0
-749.55,-1139,2364.9,120,2,0
434.04,-1497.3,1078.4,120,1.75,0
777.31,1208.5,2237.6,80,1.5,0
-1028.2,-889.52,2373.2,80,2,0
-1163.5,-569.26,2469,100,2,0
1605,149.61,1363.6,80,1.75,0
834.01,-188.76,2873.7,80,1.75,0
210.93,1084.5,2684.9,80,2,0
1376.7,-443.83,2234.7,100,2,0
-77.114,1561.5,1940.3,100,1.5,0
-1507.4,-603.44,1560.7,100,2,0
-1563.1,74.922,1942.5,80,1.5,0
1362.8,-724.54,2015.5,100,1.75,0
-491.16,-1349.7,734.67,120,1.5,0
359.49,-1356.1,2325.9,120,2,0
-594.03,-1500.4,1262.2,80,2,0
-1386,-660.78,946,100,2,0
-553.64,511.32,51.572,80,1.75,0
-439.17,-1567.7,1632.9,80,1.5,0
-775.48,-6.2629,2937.8,80,1.5,0
10.524,832.63,2906.5,100,1.5,0
-13.544,-1325.5,2456.5,100,1.5,0
1150.1,752.44,2386.5,120,1.5,0
641.77,1005.8,381.08,120,2,0
1310.7,-203.11,542.13,80,1.5,0
-495.06,236.03,3043.3,120,1.5,0
626.04,-927.23,2696.8,100,2,0
768.84,-1410.8,1179,120,1.75,0
-46.593,1615,1223.7,120,2,0
-1307.5,-481.37,635.42,120,2,0
-1001.2,658.04,379.28,80,2,0
-537.75,-1047.3,2646.4,120,1.75,0
-886.74,-635.57,2731.5,100,2,0
487.11,-694.8,79.437,100,1.5,0
1386.2,-123.85,2401,80,1.75,0
762.07,1263.6,743.31,80,1.5,0
-597.91,632.71,2914.1,80,1.75,0
361.57,746.34,2939.3,120,2,0
-1432.3,691.07,1982.8,80,1.5,0
1558.7,-564.92,1639.5,120,2,0
1426.8,856.01,1446.5,100,2,0
1045.7,1204.5,1980.5,100,1.75,0
-1588.4,-373.77,1841.9,80,1.5,0
933.5,723.1,322.38,100,1.5,0
1177.9,320.81,363.3,80,1.75,0
115.56,1554.6,899.59,80,1.5,0
-892.51,1291.9,929.77,80,1.75,0
1124.5,-920.19,671.95,100,1.5,0
-1360.7,-697.94,2188.5,80,2,0
278.5,1361,2440.9,100,2,0
923.4,135.21,103.97,100,1.75,0
584.4,1566.6,1665.4,120,2,0
-1234.5,927.24,2164.6,120,1.5,0
-1500.2,-203.13,2231.3,100,1.5,0
740.02,-1142.5,512.82,80,1.5,0
-1088.4,-587.25,360.07,120,1.75,0
85.222,-1562.9,2117.8,80,1.75,0
-241.3,-652.82,3033.1,80,2,0
806.52,425.9,2916.1,80,1.5,0
-700.44,-1036.2,371.36,100,2,0
563.95,-1585.8,1406,80,2,0
-43.171,1206.9,318.44,100,1.75,0
659.08,-1216.5,2472.5,80,2,0
1181.9,-1207.2,1582.2,100,1.75,0
330.97,-1077.9,238.48,80,1.75,0
-937.5,-1380.7,1220.9,100,2,0
-752.4,-702.7,154.94,100,1.5,0
-504.73,1600.3,1740.9,80,1.5,0
-201.02,-1064.9,2805.3,100,2,0
1501.2,740.1,1781,80,1.75,0
1633.4,440.88,1636.8,100,1.5,0
876.61,-248.7,66.227,80,1.5,0
1005.1,1364.1,1627,100,1.5,0
1390.1,442.02,628.56,80,1.5,0
-1378.6,981.09,1343.8,120,1.5,0
-1513,766.22,1616.7,80,1.75,0
369.26,729.34,5.7304,120,2,0
214.52,1674.6,1737.6,120,2,0
420.59,-746.58,2976.2,120,1.5,0
-1158.9,1068.1,842.32,100,1.5,0
-132.65,1479.7,656.65,80,1.75,0
809.63,1495.5,1332.8,100,1.5,0
-932.72,633.87,2783.9,120,2,0
-1430.7,567.06,757.05,100,1.5,0
686.33,-1435.2,2125.9,80,1.5,0
-1068.8,-69.839,166.35,100,1.75,0
-1182.3,-1203.4,1789.4,80,1.5,0
150.4,278.03,3182.8,100,2,0
-1474.5,-838.05,1263.7,100,2,0
-1669.3,-214.61,1182.6,120,1.5,0
1200.7,-120.05,2715.5,120,1.5,0
1666.9,86.759,1887.7,80,1.5,0
-232.02,-1640.5,1941.3,100,2,0
196.7,1405.6,533.75,120,1.75,0
-393.7,1558.8,2103.8,120,1.75,0
1701.8,-201.98,1361.7,80,1.5,0
1271,857.97,722.17,80,1.75,0
1530.7,23.552,711.87,80,1.75,0
